image: graph_p10p50range10.pgm
resolution: 0.050000
origin: [-3.272990, -9.522381, -nan]
negate: 0
occupied_thresh: 0.65
free_thresh: 0.196

