image: graph_p20p60range90.pgm
resolution: 0.050000
origin: [-3.594984, -9.808266, -nan]
negate: 0
occupied_thresh: 0.65
free_thresh: 0.196

