image: graph_p40p80range90.pgm
resolution: 0.050000
origin: [-3.713026, -9.777750, -nan]
negate: 0
occupied_thresh: 0.65
free_thresh: 0.196

