image: graph_p900p1000range90.pgm
resolution: 0.050000
origin: [-3.619354, -9.900622, -nan]
negate: 0
occupied_thresh: 0.65
free_thresh: 0.196

