image: graph_p200p300range90.pgm
resolution: 0.050000
origin: [-3.956100, -10.387145, -nan]
negate: 0
occupied_thresh: 0.65
free_thresh: 0.196

