image: graph_p1800p2000range90.pgm
resolution: 0.050000
origin: [-3.799670, -12.135333, -nan]
negate: 0
occupied_thresh: 0.65
free_thresh: 0.196

