image: graph_p10p50.pgm
resolution: 0.050000
origin: [-3.619768, -10.628587, -nan]
negate: 0
occupied_thresh: 0.65
free_thresh: 0.196

