image: graph_p10p50range110.pgm
resolution: 0.050000
origin: [-3.567850, -9.816646, -nan]
negate: 0
occupied_thresh: 0.65
free_thresh: 0.196

